-6.256722698261701909e-02
-1.030438166149284449e-02
-4.860317199341424726e-02
-4.603285497412053315e-04
-2.409206688270369018e-02
-3.404562695324077261e-03
-1.515408874402934813e-03
-1.231695677701182511e-02
-6.824096236755967677e-04
-4.653649628191066268e-04
-2.605669955087094175e-03
-2.102244726080956284e-03
-7.504510066437105643e-03
-6.102385163194322740e-03
-1.423408352663871985e-03
-5.016930913153383161e-04
-2.353139920510202536e-03
-2.110602999809788071e-04
-2.094486137220253827e-03
-6.669160641106314453e-04
