6.605646133422851562e+00
1.157095932960510254e+01
1.641048836708068848e+01
2.212768292427062988e+01
2.801557040214538574e+01
3.461437392234802246e+01
4.106082510948181152e+01
5.619020748138427734e+01
6.873165440559387207e+01
9.865815925598144531e+01
1.273555366992950439e+02
1.790735740661621094e+02
2.263858394622802734e+02
2.975337965488433838e+02
3.606036076545715332e+02
4.270802402496337891e+02
4.939365029335021973e+02
5.706793591976165771e+02
6.308255403041839600e+02
6.854228396415710449e+02
7.417228014469146729e+02
8.344463071823120117e+02
9.274191930294036865e+02
9.649265873432159424e+02
1.036644682645797729e+03
1.142488394737243652e+03
1.178298290967941284e+03
1.272609048604965210e+03
1.347605397462844849e+03
1.376510526657104492e+03
1.443689230203628540e+03
1.478567911863327026e+03
1.550460679054260254e+03
1.580546509742736816e+03
1.661193900346755981e+03
1.703918163061141968e+03
1.787131298780441284e+03
1.874015408754348755e+03
1.956062933444976807e+03
2.038317138910293579e+03
2.138715362548828125e+03
2.200892724990844727e+03
2.340776968717575073e+03
2.475438203573226929e+03
2.561065203905105591e+03
2.665819637298583984e+03
2.717725595712661743e+03
2.793203932762145996e+03
2.842319423675537109e+03
2.942251594781875610e+03
